-0.00666715 0.11956821 0.02746924 -0.01612549 -0.01963310 0.03888921 -0.00737074 0.45794117 0.54467659 0.00302956 0.22101951 -0.00952364 0.00495883 0.48335931 -0.02288310 -0.01969566 -0.02039207 0.30530788 0.20802400 0.35775908
0.50206655 0.81713358 0.58638619 0.49321952 0.37720760 0.66778885 0.38771247 1.28829011 1.50355346 0.35809323 1.01067735 0.47468642 0.53011736 1.38876785 0.09199465 0.10517222 0.05163590 1.11998754 0.97147899 1.22554565
-0.09910638 0.08574946 -0.05615272 -0.10345673 -0.13777986 -0.00919392 -0.13672926 0.42768636 0.59731139 -0.13381241 0.22003463 -0.11129400 -0.08564022 0.50603632 0.00596463 0.00132715 0.00290729 0.30006099 0.19213621 0.37952349
-0.51561512 -0.11618619 -0.40845954 -0.49414421 -0.88344998 -0.06442568 -0.67294440 0.52357641 0.66721238 -0.77957155 0.13937437 -0.56846399 -0.48481791 0.59554051 -1.44642386 -1.59478735 -1.40904917 0.28247217 0.08245650 0.77770199
-0.06949644 0.06037026 -0.03464760 -0.08059754 -0.07398267 -0.02500214 -0.05805549 0.41406308 0.50047612 -0.04369279 0.16603635 -0.07246014 -0.05761562 0.43939709 -0.01052048 -0.00972394 0.00251131 0.25508980 0.15289249 0.30910286
-0.06884405 0.06550701 -0.03354162 -0.08039419 -0.07454668 -0.02174278 -0.05674088 0.41465899 0.50202228 -0.04204549 0.16656092 -0.07186077 -0.05693276 0.43912999 0.01121686 0.01604118 0.01998977 0.25551838 0.15287654 0.30943771
0.01351692 0.13906658 0.04554555 0.00235322 -0.00266704 0.05773222 0.01161150 0.46798138 0.55678447 0.01878494 0.25467342 0.01055773 0.02237216 0.50098214 -0.00415747 0.05276285 0.00465775 0.31802813 0.22733833 0.37424280
-0.06289693 0.12792348 -0.00182288 -0.08205762 -0.14030746 0.01593402 -0.08924335 0.52959849 0.61984160 -0.10447922 0.25411306 -0.07370709 -0.04024529 0.55563639 0.01256938 0.01212503 0.00407420 0.35436294 0.23851636 0.41372690
0.47620261 0.81821091 0.59926734 0.43698081 0.24360924 0.63241274 0.38104870 1.39060338 1.49771567 0.30329791 1.00643887 0.44972654 0.52385133 1.41816697 -0.07070503 -0.16034032 0.27494240 1.14977423 0.98484134 1.22858895
0.47620261 0.81821091 0.59926734 0.43698081 0.24360924 0.63241274 0.38104870 1.39060338 1.49771567 0.30329791 1.00643887 0.44972654 0.52385133 1.41816697 -0.07070503 -0.16034032 0.27494240 1.14977423 0.98484134 1.22858895
-0.00786126 0.11032698 0.01398877 -0.00983178 -0.00855644 0.04316433 -0.01089322 0.39068327 0.54111320 0.00088233 0.21558640 -0.01246087 -0.00176893 0.45943165 -0.01834996 -0.01578086 -0.01522844 0.28189729 0.19316925 0.34937446
-0.14263969 -0.00731668 -0.10673544 -0.09924182 -0.13769001 -0.09802395 -0.12135806 0.36320208 0.45063866 -0.09857022 0.18225047 -0.14291630 -0.13019331 0.38965280 0.04236042 0.25497100 0.07810744 0.19608502 0.09028628 0.25244366
-0.75496074 -0.43989372 -0.67064110 -0.76380778 -0.87981970 -0.58923845 -0.86931483 0.03126281 0.24652617 -0.89893406 -0.24634995 -0.78234087 -0.72690994 0.13174055 -1.16503265 -1.15185508 -1.20539140 -0.13703976 -0.28554831 -0.03148165
-0.01574017 0.75274799 0.06234139 -0.76624011 -0.06584448 -0.03833076 -0.02799445 0.41763147 0.48860021 -0.12293004 -0.24755397 0.02876263 -0.04108084 0.42826559 -1.08128052 1.06252890 0.59595710 0.24898775 0.14115623 0.30187448
3.24580780 3.58781609 3.36887253 3.20658599 3.01321443 3.40201792 3.15065389 4.16020857 4.26732085 -2.46630692 3.77604405 3.21933173 3.29345652 4.18777215 2.69890016 2.60926487 3.04454759 3.91937941 3.75444616 3.99819414
3.49120807 -2.07475839 -2.33943525 -2.43607552 -2.70464713 -2.29291466 3.37929606 -1.44801796 -1.44281365 -2.63817334 -1.93725974 -2.41394534 -2.37772764 4.39945170 -3.01805007 -3.07099272 -2.67098371 -1.73697296 -1.86599850 -1.68142766
-2.44130234 -2.09929405 -2.31823762 -2.48052415 -2.67389572 -2.28509222 -2.53645626 -1.52690157 -1.41978929 -2.61420704 -1.91106609 -2.46777842 -2.39365362 -1.49933798 -2.98820999 -3.07784528 -2.64256256 -1.76773072 -1.93266361 -1.68891601
-0.77772714 -0.43571884 -0.65466241 -0.81694895 -1.01032051 -0.62151702 -0.87288105 0.13667363 0.24378592 -0.95063184 -0.24749089 -0.80420321 -0.73007842 0.16423722 -1.32463478 -1.41427007 -0.97898736 -0.10415552 -0.26908841 -0.02534080
0.47620261 0.81821091 0.59926734 0.43698081 0.24360924 0.63241274 0.38104870 1.39060338 1.49771567 0.30329791 1.00643887 0.44972654 0.52385133 1.41816697 -0.07070503 -0.16034032 0.27494240 1.14977423 0.98484134 1.22858895
-0.03013160 0.11953976 0.00061562 -0.03183013 -0.04172848 0.03794074 -0.04013366 0.43422285 0.59647810 -0.03047422 0.24011501 -0.03697501 -0.02147004 0.50800728 -0.01864553 -0.01800770 -0.00745540 0.31324767 0.21710424 0.38726759
-0.00507928 0.12053149 0.02851099 -0.01498711 -0.01797146 0.03991195 -0.00419562 0.45771942 0.54362146 0.00184345 0.22223653 -0.00911718 0.00641346 0.48404745 -0.02056278 -0.01688252 -0.02567967 0.30588015 0.20877254 0.35853065
-0.14087566 -0.00355610 -0.10442409 -0.15470041 -0.17298325 -0.09524630 -0.11873534 0.38549967 0.45911388 -0.09828135 0.11073900 -0.14301346 -0.13003334 0.39625404 -0.00068189 0.00482060 -0.10529643 0.20834176 0.09499083 0.25905800
0.47620261 0.81821091 0.59926734 0.43698081 0.24360924 0.63241274 0.38104870 1.39060338 1.49771567 0.30329791 1.00643887 0.44972654 0.52385133 1.41816697 -0.07070503 -0.16034032 0.27494240 1.14977423 0.98484134 1.22858895
0.00531451 0.12535611 0.02802782 0.00468998 0.00212700 0.05746744 -0.00004299 0.40406487 0.55177722 0.01070523 0.22897858 0.00004552 0.01195027 0.47170839 -0.02211463 -0.01624357 -0.02565794 0.29522251 0.20652877 0.36219816
-0.13466532 0.00114233 -0.09796159 -0.14771202 -0.13360493 -0.08935743 -0.11476416 0.37032244 0.45767671 -0.09309019 0.11218245 -0.13732163 -0.12194605 0.39567255 0.00847818 0.00245243 0.05161490 0.20454391 0.09819724 0.26024601
-0.00470752 0.12037174 0.02867714 -0.01451984 -0.01650028 0.04006535 -0.00358434 0.45730683 0.54347192 0.00299385 0.22205560 -0.00856178 0.00670560 0.48307933 -0.02190645 -0.01934228 -0.02217280 0.30554658 0.20833467 0.35801716
-0.76266480 -0.42065651 -0.63960008 -0.80188661 -0.99525818 -0.60645468 -0.85781872 0.15173597 0.25884825 -0.93556950 -0.23242855 -0.78914088 -0.71501608 0.17929955 -1.30957245 -1.39920774 -0.96392502 -0.08909319 -0.25402607 -0.01027847
0.02805526 0.15105610 0.06087842 0.01907902 0.01200431 0.07296279 0.02392518 0.47919369 0.56379033 0.02655787 0.24968202 0.02363350 0.03926577 0.50508685 -0.02243490 -0.01715300 -0.02917780 0.33103054 0.23654022 0.38280527
0.05892046 0.18056453 0.09195526 0.05049286 0.03615080 0.10537910 0.04781374 0.50206038 0.58563061 0.04567373 0.27857737 0.05382932 0.07018399 0.52775132 -0.02585750 -0.02026448 -0.04088469 0.35789048 0.26489763 0.40792534
0.47620261 0.81821091 0.59926734 0.43698081 0.24360924 0.63241274 0.38104870 1.39060338 1.49771567 0.30329791 1.00643887 0.44972654 0.52385133 1.41816697 -0.07070503 -0.16034032 0.27494240 1.14977423 0.98484134 1.22858895
-0.16579795 0.04070298 -0.09841902 -0.18778742 -0.25368561 -0.08050037 -0.19225922 0.46659568 0.55845278 -0.20903002 0.17485274 -0.17751508 -0.14057335 0.49225238 -0.00130763 -0.01026015 0.00130520 0.28138878 0.15863649 0.34322090
0.00728682 0.12518134 0.02933720 0.00542446 0.00264229 0.05858047 0.00184530 0.40316844 0.55188698 0.01021516 0.22971382 0.00198525 0.01337901 0.47175961 -0.02153068 -0.01893785 -0.02606859 0.29477841 0.20712876 0.36198826
0.50206655 0.81713358 0.58638619 0.49321952 0.37720760 0.66778885 0.38771247 1.28829011 1.50355346 0.35809323 1.01067735 0.47468642 0.53011736 1.38876785 0.09199465 0.10517222 0.05163590 1.11998754 0.97147899 1.22554565
0.47620261 0.81821091 0.59926734 0.43698081 0.24360924 0.63241274 0.38104870 1.39060338 1.49771567 0.30329791 1.00643887 0.44972654 0.52385133 1.41816697 -0.07070503 -0.16034032 0.27494240 1.14977423 0.98484134 1.22858895
-0.00759167 0.12557828 0.02790028 -0.01708619 -0.08490808 0.03983765 -0.01449088 0.46438242 0.54964976 -0.00135669 0.22982908 -0.00928832 0.00595751 0.48979275 -0.02049527 -0.01981701 -0.00738221 0.31010848 0.21088068 0.36972868
0.00805384 0.12538352 0.02993606 0.00595257 0.00512415 0.05904908 0.00173097 0.40264187 0.55117561 0.01160274 0.22860618 0.00338489 0.01417388 0.47055157 -0.02393229 -0.02107955 -0.02139865 0.29558873 0.20654094 0.36159782
-0.00486171 0.12004816 0.02814891 -0.01441317 -0.01835657 0.03965210 -0.00272832 0.45770309 0.54328896 0.00209618 0.22237004 -0.00980743 0.00605192 0.48472941 -0.01840026 -0.01744101 -0.02592739 0.30537206 0.20820014 0.35864426
-0.47136528 -0.04531976 -0.34292048 -0.47969976 -0.72086674 -0.22842444 -0.69628132 0.49929257 0.73315657 -0.78927015 0.18468170 -0.51182079 -0.42311143 0.60691565 -1.46992127 -1.42782787 -1.59497565 0.30826366 0.14464986 0.42449861
0.47620261 0.81821091 0.59926734 0.43698081 0.24360924 0.63241274 0.38104870 1.39060338 1.49771567 0.30329791 1.00643887 0.44972654 0.52385133 1.41816697 -0.07070503 -0.16034032 0.27494240 1.14977423 0.98484134 1.22858895
-0.00499631 0.12029946 0.02847659 -0.01483721 -0.01719524 0.03986597 -0.00389928 0.45727723 0.54327299 0.00242281 0.22194718 -0.00900201 0.00647163 0.48380973 -0.02205460 -0.01835988 -0.02399653 0.30562820 0.20848560 0.35828405
-0.01386238 0.11762864 0.02144207 -0.07132182 -0.02966705 0.03342632 -0.01225848 0.46485389 0.55382148 -0.00537884 0.22259137 -0.06224848 -0.00193054 0.49231112 -0.01884592 -0.01495489 0.00063815 0.30903947 0.25475647 0.36400091
-0.05573954 0.06524985 -0.03451262 -0.05791069 -0.05163652 -0.00439826 -0.05055484 0.35543694 0.50916056 -0.03746403 0.17519257 -0.05949056 -0.05042704 0.42576417 -0.01246090 -0.01211368 -0.00226529 0.24234664 0.15190627 0.31184047
0.47620261 0.81821091 0.59926734 0.43698081 0.24360924 0.63241274 0.38104870 1.39060338 1.49771567 0.30329791 1.00643887 0.44972654 0.52385133 1.41816697 -0.07070503 -0.16034032 0.27494240 1.14977423 0.98484134 1.22858895
-0.30590542 0.04489294 -0.18314319 -0.33395378 -0.55453972 -0.12651200 -0.45889611 0.57820318 0.70001277 -0.55705227 0.23216405 -0.33535482 -0.25654127 0.61766750 -1.15771500 -1.16060295 -1.13255014 0.36081959 0.20849115 0.44085717
-0.02406962 0.14025405 0.01276342 -0.02627780 -0.03648113 0.05394963 -0.04009321 0.44157447 0.58798431 -0.02020551 0.25867494 -0.03322340 -0.01315936 0.50922174 -0.00898932 -0.00616709 0.00003727 0.32975277 0.23588660 0.39943427
-0.05845427 0.03140133 -0.03368962 -0.07463321 -0.00847651 -0.04662695 0.03040916 0.38346848 0.45053761 0.08313288 0.12243028 -0.05415012 -0.04510943 0.39462924 0.88506087 0.82860027 0.98424533 0.22002117 0.11692832 0.26496223
0.47620261 0.81821091 0.59926734 0.43698081 0.24360924 0.63241274 0.38104870 1.39060338 1.49771567 0.30329791 1.00643887 0.44972654 0.52385133 1.41816697 -0.07070503 -0.16034032 0.27494240 1.14977423 0.98484134 1.22858895
-0.06920706 0.06058754 -0.03518141 -0.07886665 -0.07718101 -0.02513152 -0.05757493 0.41768153 0.50130384 -0.05828006 0.16584563 -0.07237097 -0.05839333 0.43873286 -0.00778343 -0.00403150 0.00788181 0.25421584 0.15188796 0.30947286
-0.10185122 0.09502709 -0.03835438 -0.12212601 -0.18305637 -0.02058675 -0.12798990 0.50636773 0.59724678 -0.14364292 0.22436734 -0.11298286 -0.07821107 0.53224397 0.00786280 0.00472082 0.00303985 0.32713063 0.20852860 0.38747606
-0.01560869 0.11446980 0.01840095 -0.07249448 -0.02667290 0.03110421 -0.01287607 0.45939872 0.54621682 -0.01118022 0.26816707 -0.02209466 -0.00356845 0.48636464 -0.06877303 -0.01674297 -0.01042838 0.30493322 0.20587118 0.35787043
-0.13154101 0.00187080 -0.09535788 -0.14556022 -0.13007501 -0.08723941 -0.11376492 0.36931594 0.45679303 -0.09654221 0.11216747 -0.13347539 -0.11906985 0.39477347 0.01049807 0.00143268 0.06879914 0.20454696 0.09882874 0.25957931
0.03242838 0.15346176 0.06586391 0.02571727 0.02056080 0.07244628 0.03378061 0.47654048 0.55867703 0.04120275 0.24379277 0.03306589 0.04311500 0.50720694 -0.01038068 0.02363225 0.02191623 0.33325903 0.24012338 0.38231508
-0.24296292 0.03445446 -0.15253834 -0.26126138 -0.42109876 -0.10383376 -0.36263556 0.48763894 0.60311991 -0.43363836 0.19100704 -0.26773896 -0.20937663 0.52991832 -0.83176152 -0.79362378 -0.88237254 0.30185975 0.17118053 0.37180541
-0.13450983 0.00106994 -0.09787080 -0.14763252 -0.13327620 -0.08932059 -0.11452360 0.37007764 0.45745792 -0.09270941 0.11204011 -0.13714586 -0.12183761 0.39534063 0.00670900 0.00159475 0.04884117 0.20444279 0.09805945 0.26007651
0.12183888 0.11773094 0.11104079 0.10954649 0.25653830 0.07722160 0.27434142 0.39268516 0.44472565 0.36578310 0.18077890 0.14068177 0.11837650 0.39809929 1.16770422 1.10740454 1.27636424 0.25224601 0.17430593 0.28838880
-0.27303012 0.02668388 -0.18536023 -0.28175543 -0.44504121 -0.10799003 -0.42691991 0.44420640 0.63582036 -0.49484972 0.19924602 -0.30366699 -0.24176543 0.53341993 -1.00554979 -0.98740545 -1.08555984 0.29632233 0.16487306 0.38829811
-0.47009298 -0.06193286 -0.34375322 -0.47771243 -0.70856279 -0.21094571 -0.67274398 0.50318552 0.72162310 -0.76821119 0.17940277 -0.49577120 -0.41283084 0.59532791 -1.41674557 -1.34119393 -1.47422230 0.30096021 0.14872423 0.40991185
0.05914778 0.18139462 0.09194431 0.05066768 0.03659969 0.10544196 0.04810232 0.50111021 0.58607907 0.04586937 0.27777434 0.05403224 0.07037661 0.52731737 -0.02585110 -0.02211213 -0.04378004 0.35687182 0.26466381 0.40821794
0.01983238 0.14746086 0.04803303 0.03535755 0.01628887 0.07120746 0.01399142 0.41456081 0.56556189 0.01947996 0.24551724 0.01937808 0.02996294 0.48116048 -0.03052051 -0.03818885 -0.04018414 0.30852727 0.22772017 0.37395190
0.47620261 0.81821091 0.59926734 0.43698081 0.24360924 0.63241274 0.38104870 1.39060338 1.49771567 0.30329791 1.00643887 0.44972654 0.52385133 1.41816697 -0.07070503 -0.16034032 0.27494240 1.14977423 0.98484134 1.22858895
0.47620261 0.81821091 0.59926734 0.43698081 0.24360924 0.63241274 0.38104870 1.39060338 1.49771567 0.30329791 1.00643887 0.44972654 0.52385133 1.41816697 -0.07070503 -0.16034032 0.27494240 1.14977423 0.98484134 1.22858895
0.47620261 0.81821091 0.59926734 0.43698081 0.24360924 0.63241274 0.38104870 1.39060338 1.49771567 0.30329791 1.00643887 0.44972654 0.52385133 1.41816697 -0.07070503 -0.16034032 0.27494240 1.14977423 0.98484134 1.22858895
0.47620261 0.81821091 0.59926734 0.43698081 0.24360924 0.63241274 0.38104870 1.39060338 1.49771567 0.30329791 1.00643887 0.44972654 0.52385133 1.41816697 -0.07070503 -0.16034032 0.27494240 1.14977423 0.98484134 1.22858895
